87 77 80 11 76 49 77 60 55 38 20 22 9 43 33 73 52 15 60 69 27 58 12 89 45 79 47 82 22 51 3 62 
80 36 73 56 85 50 69 92 40 41 66 49 84 52 22 37 67 34 6 47 44 19 36 89 50 35 72 72 87 27 34 19 
63 59 28 1 61 97 93 1 38 12 50 74 64 24 11 83 10 18 30 54 89 19 44 39 54 68 63 93 95 50 13 11 
9 93 12 71 42 57 24 80 69 75 6 33 51 18 17 62 88 99 68 29 18 12 20 73 32 83 18 28 33 83 91 95 
76 3 18 18 60 42 50 82 69 57 67 21 75 36 35 15 36 3 44 6 68 64 31 0 47 50 80 33 85 71 80 62 
74 98 32 87 40 83 21 10 92 88 83 19 77 70 34 13 73 30 19 93 94 51 94 93 53 74 78 38 98 58 52 24 
56 85 63 97 20 84 59 64 25 94 83 2 64 69 67 37 99 38 31 93 41 77 38 94 3 17 85 1 75 37 78 32 
74 41 81 94 78 92 10 3 86 93 57 50 14 24 39 65 14 70 10 56 99 49 50 3 66 35 56 93 25 34 77 99 
28 58 46 6 50 56 61 88 2 18 38 68 94 78 34 8 0 44 64 0 93 67 55 11 54 11 57 79 98 34 31 26 
45 77 84 47 85 45 36 39 15 74 8 9 4 42 69 5 86 86 57 32 53 12 95 7 75 52 39 73 39 70 51 84 
99 35 31 84 80 19 24 95 46 84 56 50 26 78 7 64 64 64 48 17 28 44 76 4 48 67 29 87 89 81 71 88 
16 55 25 49 26 1 44 72 85 53 75 11 31 82 27 95 99 76 64 27 72 92 83 20 12 13 8 1 94 31 42 62 
38 67 11 65 20 56 37 5 61 64 68 92 47 95 39 98 23 55 77 95 99 61 16 11 74 76 13 20 59 7 82 98 
26 94 15 46 2 4 51 63 69 19 7 68 66 98 66 90 53 43 85 52 4 53 16 30 81 81 50 41 88 85 91 14 
79 6 60 33 62 63 96 31 34 55 99 52 5 17 42 58 61 80 62 17 85 30 48 67 11 50 60 51 35 3 65 14 
61 77 47 23 92 95 7 78 2 6 31 7 76 25 17 37 57 32 6 43 62 54 62 26 57 74 77 92 77 95 59 38 
24 58 13 17 6 20 95 60 79 78 68 55 4 37 44 61 69 50 56 84 5 70 10 14 44 39 6 21 34 17 11 59 
28 25 28 34 45 75 94 76 54 14 31 10 4 75 71 25 26 80 9 83 50 71 97 95 63 55 68 97 25 80 8 53 
57 36 39 2 12 33 31 18 0 62 28 4 90 51 29 68 31 91 51 34 62 0 81 77 7 49 75 32 29 35 37 38 
72 76 93 36 62 24 6 62 86 34 18 28 37 47 96 21 38 47 55 53 99 36 30 59 37 57 43 19 93 81 57 17 
9 50 5 71 74 11 85 13 45 3 41 34 51 38 55 41 37 62 46 37 98 29 48 88 86 91 7 31 72 64 48 34 
15 53 5 41 64 91 54 61 94 96 96 97 34 3 91 23 66 37 60 16 66 8 4 5 52 11 36 76 28 37 10 95 
42 16 36 59 59 91 20 53 39 68 3 25 24 94 48 90 83 61 58 2 21 15 7 73 78 95 50 6 32 60 1 27 
28 38 86 87 81 6 93 20 27 48 45 51 94 93 93 77 6 3 79 28 18 38 1 49 86 3 55 70 16 9 97 44 
99 83 84 80 42 29 52 69 77 97 72 71 42 17 48 49 72 80 29 43 70 30 92 56 86 47 27 2 8 24 46 7 
8 82 39 50 11 91 71 88 40 95 11 83 64 12 84 36 92 13 79 62 95 71 19 81 71 46 35 79 22 34 39 30 
16 78 32 80 70 3 20 10 50 32 45 14 44 81 51 36 46 30 50 42 54 21 75 25 67 11 56 42 97 95 72 13 
26 5 93 48 60 14 58 11 98 56 77 42 37 28 30 84 11 80 78 65 54 5 42 73 16 98 15 13 46 88 79 24 
45 24 72 57 90 30 20 88 38 98 30 76 78 12 12 89 45 90 6 99 95 48 72 64 99 88 29 45 28 60 69 73 
85 93 82 75 23 3 64 14 53 46 90 31 59 2 73 4 44 79 55 91 28 27 55 27 15 37 24 43 97 45 68 82 
38 51 10 13 6 26 27 11 72 69 42 83 23 15 39 67 95 94 59 75 22 66 2 89 3 78 33 1 23 53 35 61 
4 45 26 62 71 54 73 96 23 68 31 99 35 23 66 82 17 77 57 91 96 11 81 99 89 66 52 64 19 88 25 76 
